54.33809812176864
15.67487442803117
95.12843505444877
62.55741858129456
36.737214434735854
errors
44.5610566781984
32.09516902926764
9.496491934719685
64.33808452046124
62.83543321432609
81.10903633690747
94.91542010488092
98.03226016011415
22.9571494296968
42.88192324944779
12.501395916160885
21.659239927580998
64.98712940296025
39.667972927311865
93.53215196849767
84.18464660396043
2.677345096643302
70.47674728705347
64.1478741241507
15.998344808436283
50.13100423382074
68.54592160905244
20.345090135373756
99.44371627829528
82.39985465457795
55.8317026480435
51.52043184031425
18.555014408088955
44.262507242467905
84.24055087512033
43.98778014102961
15.229415020135983
67.52525612158479
58.91398116881963
45.42894444990365
56.45413688146449
48.92740178494142
84.30281737826583
67.15103704820686
9.325862685121688
18.029659300167854
74.04624411367571
85.02478577194363
38.475915451327815
7.538232228144837
60.457070627727404
55.57492790471079
21.923428538080813
60.403333923204464
78.83846829863363
59.16857706612305
98.04375966533601
49.90726166219371
46.61755089442604
40.89333772624332
5.837340636136479
36.93170377267232
77.41457733163199
68.98691495491428
66.24224041962928
58.636869169802544
57.930569175696945
72.59420547840352
33.80653404182253
60.294489823993494
3.1793207412219804
26.258361324652448
96.87115076358495
2.8785708025119705
13.087036938837072
97.17435741603428
22.03745400559344
52.30900066366204
92.24675267515295
25.96850887296561
37.85602660509735
7.710172016202321
85.02293677335783
96.41240309603013
30.64860856376165
94.30224483312222
67.1795124223196
77.64974230152733
22.519419103570392
28.172228719296832
11.755894097990204
55.2676700985312
2.5047318159896137
9.949838826336999
90.3796870675204
42.01106418682276
25.553090356455186
71.65787757341032
68.24336170141322
error
31.566991253635855
79.22740057877712
75.21931385921046
63.18745200037872
68.25057112219717
74.75003969977469
29.960803075482634
94.7483781049116
92.237897980317
90.85668322196493
21.4966272029231
46.97870770708419
31.40695149400453
21.68645580147446
56.99833839076809
49.530326425899915
1.2235485472530394
88.39287467354012
57.12938978863462
27.370703574447997
2.174980842432128
73.72771576128179
51.26407628182568
8.035636137335434
81.548968267208
37.722269034278554
1.753464803078808
86.43433803243732
88.66028318838555
59.08912612787115
19.88324131863648
19.98556998994744
24.753978831301726
94.80912050217061
70.9643765515715
52.84940549149564
67.02471706765611
66.67091584877505
50.95967530063598
21.683367597331838
75.66851866655315
18.701047205915643
53.29073619149186
68.77968448016806
12.81496426030847
7.732699085389305
80.93484742198376
47.15063280710788
47.05590570326337
46.46566725058465
25.784206840341074
34.38936593773387
39.971140948074165
89.49479260376596
58.72313775358118
55.16127051822565
91.32491655582031
8.07607659917301
69.81696253189757
37.74109955670259
79.98575140533119
73.05642946080977
60.7701871638658
61.357558826098156
14.714471201841771
77.47724015293737
84.30194931311937
67.30301412973701
43.970430125964
22.937026828610186
8.937443532301792
80.64392880586915
23.93023379521435
56.23105169517749
2.281722763369609
69.86273727291201
54.86076176952422
72.3015941715477
49.21657837323703
91.21468599622308
21.2632037787824
38.82601578104499
92.61850021972643
34.58512533387551
2.8140432970391482
32.381137205650376
15.01483981951317
24.64352052535721
80.74853729368054
88.02550233597285
86.83983267432207
95.2513388413476
25.464064978610445
41.59949060529148
91.38440169410201
24.280774805845084
11.428930985938656
65.05308919680918
46.91856058816527
10.149972311530009
errors
53.10285469641188
43.29801690502295
88.4892969260083
22.50459355651365
92.53780643067863
61.245076112551104
36.00447427384956
6.965694480442098
39.33163784317897
52.8542364388472
79.85858516295264
82.49643299249674
4.617791124654125
97.534169856149
43.06366860613132
9.38946111568143
9.892122142076209
49.97459446589075
73.9973541304367
44.557264348930744
27.654403834737494
49.47999829745899
82.70440876891801
52.82452445032789
36.01142403612086
27.02627402358424
95.82733549827883
24.066792135324675
71.23186180938518
53.701580231434086
5.7733856419078355
88.20772518817827
5.485888584987119
26.519886349503473
78.28607479670754
87.4683613251384
38.65340180215333
69.05560318763389
24.50728333903576
73.7616474498
42.99474677126651
3.4780644105515623
34.135213103380735
98.91534878380399
69.34495341433147
4.6017726614885905
94.07198920355097
35.37231889614157
28.002675089489102
70.16695085183613
93.9980037554322
80.5335115717294
97.02485649145248
72.11993325282431
55.578887613391416
23.622409772233254
59.39824157434202
42.19210628657593
84.51853394711165
99.16543682228138
44.493757068013295
3.89623487470383
6.540932354864914
56.47489784968278
9.553553021626303
23.90655076674961
78.92495989286635
69.97994198357013
24.477732418176114
8.953107225692536
91.0233340330944
86.98004882362417
54.63541555675342
99.50740028064155
86.81428997872281
20.49458539498734
47.151559660053636
91.36248453567558
4.119366501308863
46.04968120586312
52.862268799709526
94.61106584028553
45.13465071121756
2.295325460500497
55.12623963273082
26.406907867290307
88.6506818860001
48.14414373676282
91.29582890029376
94.92852503792516
39.295993740661096
34.44449446938689
13.353925759423312
47.77664847392818
2.587637783933505
12.269311301795927
29.6132374550539
52.971343256169
91.6955361799543
55.296821166598505
90.9879645906708
51.18704072236638
2.6123669862830767
20.80606366478349
17.538037483649983
17.576666387853635
80.71906204206523
5.8980382723674225
52.12828254300128
18.26211789122796
37.72770303185885
41.654848882958795
20.16397196370806
79.90179798695546
55.3709390183171
69.24527595587452
63.55378878714477
76.46110946663242
84.24654114487643
76.40830032828266
54.87347932754947
72.08638794428731
20.561168089187877
85.90436637856045
20.666837114935845
98.84632303771785
9.402138638795087
78.39363503604775
96.98619796784074
20.507208525961484
68.83530268893266
89.53919250387038
88.5445806293943
14.931158318924487
63.521981171669175
99.47822037518152
73.69693000056287
28.362753431609057
8.632587448885475
54.940060242588686
20.99017943243946
28.89314641023152
86.69911041404833
27.737229146004694
82.35338311146492
19.49033290806139
46.340566114323366
97.54333305552836
38.00275487732756
35.246190221547934
45.33690182765299
0.0810191031910823
33.82060565359149
74.0406756571826
64.5243368827769
38.451867878092095
8.944613232947507
77.03367642473714
29.319091560949296
99.17597335509736
73.14986848015941
6.606001866612887
97.60816229287107
18.00497753603282
19.31629886515468
15.821394047535076
77.02630962814102
96.80469368488197
10.998910580876364
51.43395080820373
9.250735188766734
19.87468539924474
30.815418898460003
93.22395676444431
37.690550918155566
11.732334484430229
81.94209033059352
5.540582856829712
29.946063747152095
21.242524173512567
5.001650019102666
18.827148557482587
88.72793440444347
58.53394996441031
18.095051674125486
25.13462854192994
48.02689516254032
60.50966165866558
57.40172613781712
18.67986473410388
32.14297588721911
77.93776503762227
86.80758706465161
21.64607431670357
74.25623496114241
87.58677678294058
34.169260770152135
14.642299423809623
44.09994814103979
53.845928673080444
17.05938771171216
97.08239615079258
63.75683818081437
17.244071144923357
47.79745291440194
93.17168164770284
76.81886869941769
1.2050469158965016
69.44968880745127
98.18312080840084
20.94114961244805
29.806592786557474
20.63706296558504
25.11045561664097
82.44610658484497
97.42289596195072
10.185224864477737
91.65447569863888
29.226043528586853
56.584389245510735
96.40478296801732
49.48693225129885
19.82009670990439
38.50801928353882
14.340113927825882
18.351690925095852
50.304858248500786
38.24150230676836
26.071951742118806
92.34392494957972
81.0610593730857
88.36655212121939
58.68577646109504
96.29517705586127
52.453286768882954
69.79166706640967
62.78384387382276
75.65543642429235
11.825434120036082
11.775281241396229
71.19782218167391
47.2591271983663
53.05646351932254
36.448895140881866
15.296739340779508
15.419526206184441
75.34195779439061
77.54257600262187
80.11996966350216
26.8610256443252
94.92102839794637
62.59913263265398
81.01287777490828
69.44821884451969
33.775286328757716
91.1389701771929
98.95865298507154
19.94295591597438
38.298343680962596
72.79137257295187
72.33730586717536
84.27934119464724
92.58511757536982
29.37297252570804
46.594125198039336
29.598970059707362
53.282108341622525
91.65190691907536
3.737046392661214
98.9173566036964
48.08085043787462
69.25714800972433
37.79179623712254
92.91729983597959
89.89002022159767
3.9830955934357815
89.21320090891143
75.59790606173246
55.080029597623856
65.65068354654902
27.370635303057277
45.67769652431794
55.37201287261817
27.70446767543062
45.8993361054053
72.05111600407426
61.619122498394596
97.03339984739851
92.36081329056242
11.490709811670907
99.96028058751108
49.964595874392884
93.06036719944663
82.22304940259473
58.42910763901714
18.46714370296182
80.68099761312057
36.54436541498052
ErRoRs
90.7460653512226
15.7537475380917
1.0214879584517833
59.178707495532635
13.209928126724046
23.990912454726875
27.41528952671024
7.172112583403878
9.354871095752937
30.348651809168135
8.387111325384211
8.776028771587974
27.906821219373366
8.069781990621639
67.61662634997933
9.268688118427892
24.939491509003386
17.332080724320765
77.86727945857402
52.873175259460815
52.47473005682858
64.32567129505462
91.5584703746785
39.116891262267295
52.58414983690015
47.34271997265319
58.576189411758975
49.33088780384007
55.41997722514843
34.79010540850989
2.5668883134634113
50.054807055212095
31.125266600159442
22.043120057631228
31.36611587436834
30.759026567036464
4.977442823985734
43.560224961274976
94.6073509214849
31.467859675640707
69.65871330285988
88.31771863016101
45.485344363274514
51.243444943457476
41.84850874218435
86.46636464284136
59.31715642952017
40.07069294883053
93.10189263577404
46.37833318263309
45.24674605192225
58.06163444759959
3.9928578474539234
54.50604792305814
4.925644833211895
55.64745467638814
36.427971584646244
82.22848947591865
35.47196844634396
93.79197465208688
32.45162788924642
88.10301055916786
81.10212421719444
28.249408585298863
27.693290767333156
82.14585718823977
70.592323642391
2.960054000945367
82.1930190793504
20.88423885183104
32.0743368376473
48.87887719762109
46.016514181498366
92.81012765456576
52.86110301547793
22.299057446019155
87.32788790332442
30.59152073196023
51.4416467212214
28.89384160945607
59.14934141973484
49.20407327462725
24.018977257491024
49.294629090544184
19.354673183395587
30.78333723086478
67.585156927373
93.94153154966713
35.290059120625195
11.897168737385899
81.2248281412797
80.71585572445056
81.42875946039221
24.842681928917
75.93923750639158
18.913822297969674
30.478754933541087
38.47844078391025
83.7582973750551
98.44079450131932
55.73934812730749
61.70040645440281
40.66834863417797
67.49823479774294
31.29402181007057
6.098831511816394
49.40916301931264
18.730492707019273
23.544884998984863
46.62193085837879
0.046689697786861384
96.75962810308523
70.67702791531644
3.3684712459074007
19.523567836516587
14.752018989915182
41.740966179222546
49.98157056825116
82.71112773083337
43.75656713815403
58.57979253921316
25.400607902139395
53.69112475655179
36.561678415747934
40.052008999798616
67.50927551962536
59.93953985163157
10.646262518136773
73.43029876844592
82.50629894716685
18.57680129504924
3.088269484236583
28.11006950078705
2.0778062235314754
92.15190917512653
43.15711051863869
90.16393178663526
62.63507391463854
44.679034500846114
94.77556447671002
66.64923724643289
66.5641469503911
68.98796670483684
15.222839814305233
80.69362670286303
69.3528429288711
8.523063626622552
47.06034461954558
77.15377296475356
78.5112489386521
45.627656422775985
59.39999467859043
5.72941792549857
94.59977270618755
95.94807313836058
79.46484470550295
2.6931069857561774
8.043788046939826
23.720504058657298
64.61336611421643
55.41382254518877
90.50135026512123
63.8547132115535
58.7024713640255
49.500926592592464
86.86474048202912
92.4619325312783
3.6166836030842364
26.0118921085426
47.37934039862475
70.05946934687431
22.00704245929097
25.249624905890343
62.68489809580726
2.1699150383228893
29.703615874279222
37.48890206590559
61.172461355658015
28.87112235734326
34.254353396637484
25.16967058540408
20.5359394076877
42.08150523518105
15.913577425620817
18.69293683454312
57.03233892162957
74.62282762679453
8.476273914167077
53.10244367445086
98.66638771370934
4.283501638509756
84.80556345538697
29.138278454241096
63.132329925689405
85.6057585869668
5.547482917343871
70.36175139702637
30.92989648810476
12.415005210810614
40.23164474446889
19.81262309113453
25.76989324239153
30.001559450357597
77.19523279675889
19.40806236528586
18.647863775213303
32.09716845852715
44.637870597613585
4.875495721561018
72.8180432919656
37.926180968609394
23.2135363800958
69.8388144416519
11.06880025337469
73.12271978424768
48.83436541742814
42.6160374097969
90.5996853159654
30.760645466681147
94.94736416722418
17.50340399061423
72.5063853708315
55.19132230416541
66.01714950371846
79.40149922462004
62.45675529579208
20.09358518917065
98.23894673947751
41.03155825297256
12.277153959458198
32.18905987316939
1.714809183721322
2.611665331962154
83.24399402571468
24.648234378217104
12.627026720642508
33.18984978717382
7.5119810820790445
56.269623943500946
54.29858601485796
94.01952632176935
77.8872122662277
42.19547553877313
53.80014835560765
24.65943523881401
99.42294787218957
52.332894776559
96.62894070386405
59.360662337621974
97.07540161062178
77.68666855340585
1.1348139640184884
50.88508761667304
34.692986267322304
31.741454182244567
62.94924864924313
21.51528579047155
23.526593504595372
64.85441295027498
97.44415268929035
91.10871223589868
58.50304184235462
74.68071549689938
36.65283856825331
23.566207452359713
8.145576563488177
36.987038929226365
77.3499766498887
49.23432087552286
26.509614616302592
78.02100257263717
24.206080606139935
52.612685318406136
37.019395673420064
54.497249846775766
5.188566760312641
56.27364851004246
21.46767421730277
59.4036794537945
8.281305192045718
45.29666189441116
34.272924389923446
40.08205815742632
27.913633354042965
48.6495190039789
23.158534310015366
50.433760972324535
44.84174815026153
97.88854700176698
26.127220254078974
81.82718957146702
29.79017597940271
54.650954277265654
95.83852431067766
65.62537849341008
99.91642590296064
18.847442701088834
11.884631890649677
52.55300597185557
44.291793433747614
1.5606610101480345
85.93555881783938
97.9050235965051
47.92954943916594
62.58828859367449
66.01105347762031
32.813875915999915
67.71943903421209
92.21316350091313
38.70819479787448
34.42825450201307
38.14856823078712
68.33997000150012
43.65302427988234
77.80761006896299
47.43876413474047
57.613959572595775
61.844511674013205
45.22991806915256
3.9231755040301297
79.49923440750194
33.34087877330594
71.06404032518076
40.282739438285255
82.71758913886298
48.927334410154046
52.742963852132455
72.23006678025254
63.62270368611883
64.47560218863782
75.36819576172981
9.07026058699756
82.80306630026566
17.17598677462433
67.42602255610774
26.930294572463044
70.48810267779668
85.73877936944821
62.65592793868272
28.84723886174132
65.45072830831164
46.43625234222321
60.2278181747746
15.312368967140799
42.07808748218742
89.61189137782009
58.403756461306635
11.097533496765665
51.809144004108866
74.06528168611418
92.97436124524673
59.221649241557195
46.70446332105741
63.04332513493891
98.83986292451463
11.574554807806159
2.531648200551928
34.524471311132864
55.517470910547694
96.51266091974958
82.68760118624179
63.73618353420576
7.065881832070364
94.10448015958119
46.91952394138749
96.58420673884297
63.43594251063466
49.277960364946274
82.9803491581658
52.955769639141856
45.23604143912048
29.39404157377623
7.3392443028374
23.719081600471903
51.701579370450105
2.0619022635442352
59.47553179568082
28.765832469442508
19.202596809678884
3.646575259005469
49.64029559550561
90.97568702670688
88.4202302655972
41.81973906864277
30.313124061982677
88.54423428918668
23.574592775428737
72.39046548686134
18.915633932630417
50.80033453583789
37.55794309035125
63.01477873462695
17.23976061908713
22.650279768699445
61.17671234512241
83.49152743633704
74.9521041887442
17.716367957557257
91.05691569127058
85.50326131267042
10.133457952962488
28.18649794088207
34.30972467074734
31.728314565281647
81.26160761894808
17.560435010084376
4.095036376552963
54.09412228832501
56.0581120063856
39.86625769831268
72.61388699350735
77.5166155531782
56.76616495017659
78.51449549200468
42.766264505551796
79.49990197929773
87.7372089074689
75.87469604344442
23.03729469241992
13.197660748819162
33.34636423700093
86.62652879626182
89.49016503038081
1.4712224985089395
7.339947612393816
1.500939824295211
58.64107991601757
2.7907624023497446
8.60322828752068
13.97417671917166
69.08562820795026
39.75275760609283
54.975292851640326
79.10542869435237
2.6298928356132234
23.495968871634652
84.24937746787619
40.175657969838205
95.97428610817646
50.221631082689065
85.76476355426155
95.71538747452907
70.79753063664525
33.54823153043034
93.48182966175663
95.352294141631
17.6226790377902
50.13145966237852
48.401837044721375
34.94639704441067
21.38121880713747
10.650508986299812
37.15318282233927
10.034397115326977
55.48668183924734
38.003461143149906
57.33017321736719
19.946912078287305
47.85340067296342
91.08845921516391
82.8358638534722
4.279426692570054
61.14389090805334
41.9150112769735
87.34653988237977
47.78779464459869
9.786083857056639
14.596535665505716
92.89770535434216
44.98617302438361
87.73514760830842
39.81650384393366
29.665593950006432
63.70663024362777
42.94810285835
11.298594935576055
21.72590187346366
96.18133478056046
24.76401794199632
90.3617651857363
15.356181062595143
98.47228755854758
11.95203034891128
0.11519273506434002
38.517722368842854
56.44902618370452
23.299832467851044
31.37438114178117
97.33286704883581
50.21816599149487
30.164926407715008
74.92154152004193
5.766462313165654
11.086213748936501
errors
91.6276390298103
2.1832312497706563
75.8438714335051
33.59238944353141
